7.9156  7.9199  7.9325  7.9535  7.9827  8.0198  8.0644  8.1156
8.1725  8.2339  8.2988  8.3667  8.4367  8.5065  8.5725  8.6328
8.6886  8.7419  8.7939  8.8463  8.9013  8.9567  9.0021  9.0249
9.0319  9.0442  9.0624  9.0760  9.0928  9.1209  9.1458  9.1671
9.2158  9.3011  9.4024  9.5590  9.8048  10.1007  10.4164  10.7599
11.1184  11.4637  11.7358  11.9375  12.0485  12.0819  12.0140  11.8443
11.6292  11.4237  11.2715  11.2558  11.3687  11.5538  11.7954  12.0149
12.1870  12.2706  12.3213  12.3923  12.4465  12.4556  12.4038  12.2988
12.0994  11.8312  11.6266  11.5233  11.5882  11.7491  11.9393  12.0516
12.1123  12.0230  11.9574  11.9412  11.9458  11.8988  11.8193  11.7618
11.7679  11.8610  12.0467  12.1647  12.2580  12.3103  12.4373  12.4326
12.2988  12.0206  11.7314  11.4925  11.1224  10.7332  10.5976  10.9041
11.2732  11.4353  11.5142  11.7205  12.0918  12.2885  12.1321  11.7572
11.7475  12.0377  12.3894  12.9458  13.7529  14.4641  14.8573  15.0751
15.1174  14.7315  14.3861  15.4408  17.3167  19.0710  20.1067  20.1089
19.2535  18.5973  18.9198  19.4792  19.2397  18.3520  18.1601  18.7897
18.9422  18.1322  16.6561  15.1976  14.4137  14.1924  13.7930  12.8923
11.9318  11.3669  10.9220  10.5440  10.6848  11.0889  11.0866  10.5354
9.8771  9.6198  9.7252  9.7480  9.3547  8.5415  7.6839  7.2678
7.2321  7.2171  7.1287  7.0688  7.1746  7.3812  7.5007  7.4860
7.4769  7.6080  7.8647  8.1968  8.6226  9.1223  9.5879  9.8358
9.8674  9.8737  9.9578  10.1071  10.4375  11.0232  11.6518  12.0795
12.2403  12.0423  11.3567  10.2355  9.1191  8.4576  7.8391  6.8558
5.9547  5.7780  6.0840  6.4064  6.5989  6.5772  6.4108  6.3433
6.3626  6.1583  5.5573  4.8004  4.4762  4.8068  5.3994  5.8539
5.8765  5.3696  4.5711  3.7703  3.0069  2.4364  2.3688  2.8676
3.5829  4.0808  4.3641  4.8917  5.6786  6.4117  7.0455  7.6249
7.9865  7.9242  7.4786  7.0421  6.8599  6.6483  6.3358  6.4181
7.0279  7.6794  8.1890  8.7287  9.3331  9.8731  10.2307  10.3637
10.2614  9.9619  9.6077  9.3149  9.0066  8.5454  8.0245  7.4628
6.8251  6.0888  5.5140  5.5880  6.1332  6.5495  6.6384  6.6982
6.9313  7.2170  7.4208  7.5127  7.4155  7.2935  7.3983  7.6460
7.8986  7.9035  7.6654  7.4461  7.3179  7.3368  7.4712  7.7196
8.0988  8.3816  8.5786  8.6567  8.6006  8.5634  8.4748  8.4160
8.4215  8.4868  8.5067  8.3910  8.2735  8.1828  8.4660  8.5711
8.5881  8.4389  8.3018  8.0563  7.7828  7.5025  7.1619  6.7412
6.4237  6.1818  6.0864  6.1627  6.3455  6.5001  6.5673  6.6763
6.6192  6.4726  6.2300  5.9771  5.8306  5.6052  5.3751  5.3046
5.2210  4.9573  4.8481  4.7874  4.4819  4.3361  4.3110  4.1866
4.0029  3.8493  3.6744  3.4827  3.3614  3.2306  3.1122  3.0784
3.1404  3.2157  3.2743  3.2913  3.2719  3.2486  3.2242  3.2162
3.2218  3.1574  3.0137  2.8727  2.7703  2.6946  2.5955  2.4179
2.2000  2.0389  1.9324  1.8081  1.6613  1.5444  1.4844  1.4646
1.4555  1.4392  1.4120  1.3794  1.3484  1.3237  1.3065  1.2957
1.2896  1.2864  1.2851  1.2845  1.2843  1.2842  1.2841  
